598
512
795
863
294
442
312
602
103
934
378
395
114
478
22
668
689
472
847
339
296
201
149
446
240
401
92
248
342
618
607
634
866
533
557
648
44
844
914
760
983
370
161
180
405
830
730
726
551
919
330
60
103
186
457
781
845
793
511
767
623
456
514
72
919
679
49
636
446
786
677
161
411
395
172
92
518
216
389
38
864
999
867
878
234
318
3
448
944
690
106
198
451
421
436
87
207
401
184
236
760
641
288
913
954
194
216
798
716
666
977
536
126
723
363
121
202
549
353
511
1
156
340
313
622
893
693
924
6
412
171
691
346
41
112
928
73
321
797
175
61
856
543
204
499
53
670
465
510
38
908
295
852
255
9
739
732
579
150
343
356
685
461
952
227
693
656
879
224
286
570
125
989
62
92
299
700
586
701
850
350
442
961
262
816
656
21
412
216
777
177
357
146
483
279
891
40
172
816
635
272
96
570
860
789
986
876
736
672
579
970
461
79
26
637
551
516
27
223
964
915
849
861
706
598
986
241
540
283
745
519
702
894
192
798
719
657
230
120
199
835
68
131
70
519
53
931
585
440
273
200
66
341
821
870
865
545
455
955
475
450
712
92
51
952
417
557
167
78
89
251
610
799
811
231
200
96
428
354
61
251
610
107
455
292
461
364
980
842
896
744
337
876
566
216
62
675
213
697
965
777
993
234
643
647
565
789
29
663
728
926
279
29
868
40
800
926
710
788
981
900
81
282
563
648
361
752
384
578
431
706
500
61
341
23
585
404
377
957
871
916
803
736
418
475
526
551
340
126
824
533
438
409
348
547
606
229
629
501
985
861
200
978
47
313
716
878
382
363
838
341
172
227
812
616
236
106
131
936
71
736
400
1000
358
363
776
108
323
618
223
274
456
980
807
794
593
397
476
481
559
782
466
621
263
77
101
462
868
650
71
869
100
407
176
548
736
447
523
794
146
949
703
925
796
542
880
770
919
250
418
68
696
620
428
939
984
546
986
527
267
220
608
841
253
107
27
193
252
515
144
401
319
834
491
188
547
663
934
620
297
173
76
767
582
864
126
541
931
261
405
598
608
287
325
741
911
288
552
85
849
317
868
480
894
370
112
827
283
363
927
252
865
866
358
328
224
372
605
438
454
201
203
444
353
209
935
180
676
152
6
129
62
629
906
599
384
656
937
121
403
893
158
794
265
192
714
666
637
272
971
998
331
802
348
238
515
690
211
696
585
805
924
899
735
1000
275
690
860
874
633
402
870
16
797
608
872
341
353
701
789
542
968
75
338
350
191
157
800
703
786
369
801
721
590
6
915
962
959
308
987
917
300
747
890
424
229
857
795
412
525
484
224
205
813
179
498
287
197
86
937
625
555
973
744
388
486
214
992
286
735
389
139
718
179
573
945
610
138
359
490
922
793
513
737
601
130
42
879
373
666
463
932
205
981
248
648
111
124
438
228
758
233
534
168
61
707
322
856
172
445
842
419
836
135
662
137
58
970
987
697
219
1
775
226
756
430
763
380
840
835
561
511
214
764
778
484
743
931
74
194
851
941
819
88
536
7
558
149
818
179
929
879
294
478
992
988
430
616
741
859
859
451
7
660
885
638
712
523
356
761
635
350
769
69
779
277
711
753
473
411
399
562
917
312
342
949
426
390
633
158
874
623
235
170
806
99
760
742
300
656
693
62
273
794
62
343
728
368
875
513
398
546
642
749
517
134
666
491
743
29
973
465
328
50
66
278
848
483
775
63
493
345
612
252
748
648
426
685
647
656
609
481
93
230
995
883
252
447
961
660
447
954
962
915
124
38
916
151
763
934
803
951
171
469
718
956
407
12
144
184
843
903
186
868
224
615
684
369
576
67
423
119
177
658
283
339
770
26
1
156
218
927
46
430
367
612
561
19
528
615
634
431
436
325
121
687
505
299
339
391
808
891
890
726
618
521
262
856
647
224
798
416
14
160
459
651
136
251
71
807
834
906
30
824
622
813
851
353
229
926
142
682
413
363
67
502
656
664
684
397
804
195
871
500
551
189
466
312
886
592
943
918
517
75
689
456
721
752
485
1000
867
763
985
870
411
113
834
298
839
120
916
242
661
141
925
987
926
465
884
407
717
374
807
565
797
698
814
576
837
121
917
212
788
824
855
606
533
259
959
570
586
310
269
384
593
494
371
971
28
164
721
523
595
555
813
451
470
921
972
10
795
984
433
370
139
672
194
47
168
764
948
236
635
466
786
307
428
665
716
131
136
215
102
837
851
761
991
847
765
73
